9461447027
9461474193
9461475721
9461473336
9461499562
9461497571
9461488559
9461487204
9462425213
9461517618
9462416450
9462501008
9461583091
9461462171
9461579639
9461485476
9461486833
9461600635
9461499324
9461517948
9461626311
9461626695
9461614622
9461592903
9461591850
9461698983
9461592449
9461591250
9461601325
9461602661
9461727559
9462638097
9461698683
9461698464
9461728112
9461826618
9461844666
9462378421
9462378852
9462415063
9462426110
9462413241
9462413212
9462500171
9462511333
9462511558
9462512272
9462513190
9462515016
9463490572
9462662947
9462675031
9462624954
9462615057
9462615750
9462617016
9462617847
9462625402
9462626474
9462654527
9462759212
