8.484999999999999487e-02
8.540999999999999981e-02
8.598000000000000087e-02
8.655000000000000193e-02
8.712000000000000299e-02
8.770000000000000018e-02
8.827999999999999736e-02
8.885999999999999455e-02
8.945000000000000173e-02
9.003999999999999504e-02
9.063999999999999835e-02
9.124000000000000166e-02
9.184000000000000496e-02
9.245000000000000440e-02
9.306000000000000383e-02
9.367999999999999938e-02
9.429999999999999494e-02
9.492000000000000437e-02
9.554999999999999605e-02
9.618000000000000160e-02
9.680999999999999328e-02
9.746000000000000496e-02
9.810000000000000664e-02
9.875000000000000444e-02
9.940000000000000224e-02
1.000599999999999962e-01
1.007200000000000040e-01
1.013899999999999940e-01
1.020599999999999979e-01
1.027300000000000019e-01
1.034100000000000019e-01
1.040999999999999981e-01
1.047899999999999943e-01
1.054800000000000043e-01
1.061799999999999966e-01
1.068800000000000028e-01
1.075900000000000051e-01
1.082999999999999935e-01
1.090200000000000058e-01
1.097400000000000042e-01
1.104600000000000026e-01
1.111899999999999972e-01
1.119300000000000017e-01
1.126700000000000063e-01
1.134200000000000069e-01
1.141699999999999937e-01
1.149199999999999944e-01
1.156800000000000050e-01
1.164499999999999980e-01
1.172200000000000047e-01
1.179899999999999977e-01
1.187700000000000006e-01
1.195599999999999996e-01
1.203499999999999986e-01
1.211499999999999938e-01
1.219500000000000028e-01
1.227499999999999980e-01
1.235699999999999993e-01
1.243800000000000044e-01
1.252099999999999880e-01
1.260400000000000131e-01
1.268700000000000105e-01
1.277099999999999902e-01
1.285499999999999976e-01
1.293999999999999873e-01
1.302599999999999869e-01
1.311199999999999866e-01
1.319899999999999962e-01
1.328600000000000059e-01
1.337399999999999978e-01
1.346299999999999997e-01
1.355200000000000016e-01
1.364100000000000035e-01
1.373199999999999976e-01
1.382200000000000095e-01
1.391400000000000137e-01
1.400599999999999901e-01
1.409900000000000042e-01
1.419199999999999906e-01
1.428599999999999870e-01
1.432599999999999985e-01
1.436600000000000099e-01
1.440599999999999936e-01
1.444600000000000051e-01
1.448699999999999988e-01
1.452799999999999925e-01
1.456800000000000039e-01
1.460899999999999976e-01
1.464999999999999913e-01
1.469100000000000128e-01
1.473200000000000065e-01
1.477300000000000002e-01
1.481500000000000039e-01
1.485599999999999976e-01
1.489800000000000013e-01
1.494000000000000050e-01
1.498200000000000087e-01
1.502400000000000124e-01
1.506599999999999884e-01
1.510799999999999921e-01
1.514999999999999958e-01
1.519300000000000095e-01
1.523500000000000132e-01
1.527799999999999991e-01
1.532100000000000128e-01
1.536399999999999988e-01
1.540700000000000125e-01
1.544999999999999984e-01
1.549300000000000122e-01
1.553700000000000081e-01
1.557999999999999940e-01
1.562399999999999900e-01
1.566800000000000137e-01
1.571099999999999997e-01
1.575600000000000056e-01
1.580000000000000016e-01
1.584399999999999975e-01
1.588799999999999935e-01
1.593299999999999994e-01
1.597800000000000054e-01
1.602200000000000013e-01
1.606700000000000073e-01
1.611200000000000132e-01
1.615699999999999914e-01
1.620300000000000074e-01
1.624800000000000133e-01
1.629400000000000015e-01
1.633900000000000075e-01
1.638499999999999956e-01
1.643100000000000116e-01
1.647699999999999998e-01
1.652299999999999880e-01
1.656900000000000039e-01
1.661600000000000021e-01
1.666199999999999903e-01
1.670899999999999885e-01
1.675599999999999867e-01
1.680300000000000127e-01
1.685000000000000109e-01
1.689700000000000091e-01
1.694400000000000073e-01
1.699199999999999877e-01
1.703999999999999959e-01
1.708699999999999941e-01
1.713500000000000023e-01
1.718300000000000105e-01
1.723099999999999909e-01
1.728000000000000091e-01
1.732799999999999896e-01
1.737700000000000078e-01
1.742499999999999882e-01
1.747400000000000064e-01
1.752299999999999969e-01
1.757199999999999873e-01
1.762100000000000055e-01
1.767100000000000060e-01
1.771999999999999964e-01
1.776999999999999968e-01
1.781999999999999973e-01
1.786999999999999977e-01
1.791999999999999982e-01
1.796999999999999986e-01
1.801999999999999991e-01
1.807100000000000095e-01
1.812199999999999922e-01
1.817199999999999926e-01
1.822300000000000031e-01
1.827400000000000135e-01
1.832499999999999962e-01
1.837699999999999889e-01
1.842799999999999994e-01
1.847999999999999921e-01
1.853200000000000125e-01
1.858400000000000052e-01
1.863599999999999979e-01
1.868799999999999906e-01
1.874000000000000110e-01
1.879300000000000137e-01
1.884500000000000064e-01
1.889800000000000091e-01
1.895100000000000118e-01
1.900399999999999867e-01
1.905799999999999994e-01
1.911100000000000021e-01
1.916400000000000048e-01
1.921799999999999897e-01
1.927200000000000024e-01
1.932599999999999874e-01
1.938000000000000000e-01
1.943400000000000127e-01
1.948900000000000077e-01
1.954400000000000026e-01
1.959799999999999875e-01
1.965300000000000102e-01
1.970800000000000052e-01
1.976300000000000001e-01
1.981900000000000051e-01
1.987400000000000000e-01
1.993000000000000049e-01
1.998600000000000099e-01
2.004199999999999871e-01
2.009799999999999920e-01
2.015399999999999969e-01
2.021100000000000119e-01
2.026699999999999890e-01
2.032400000000000040e-01
2.038099999999999912e-01
2.043800000000000061e-01
2.049600000000000033e-01
2.055299999999999905e-01
2.061099999999999877e-01
2.066800000000000026e-01
2.072599999999999998e-01
2.078399999999999970e-01
2.084300000000000042e-01
2.090100000000000013e-01
2.096000000000000085e-01
2.101800000000000057e-01
2.107700000000000129e-01
2.113599999999999923e-01
2.119499999999999995e-01
2.125499999999999889e-01
2.131399999999999961e-01
2.137400000000000133e-01
2.143400000000000027e-01
2.149399999999999922e-01
2.155400000000000094e-01
2.161500000000000088e-01
2.167499999999999982e-01
2.173599999999999977e-01
2.179699999999999971e-01
2.185799999999999965e-01
2.191899999999999959e-01
2.198100000000000054e-01
2.204200000000000048e-01
2.210399999999999865e-01
2.216599999999999959e-01
2.222800000000000054e-01
2.228999999999999870e-01
2.235300000000000065e-01
2.241499999999999881e-01
2.247800000000000076e-01
2.254099999999999993e-01
2.260399999999999909e-01
2.266799999999999926e-01
2.273100000000000120e-01
2.279500000000000137e-01
2.285899999999999876e-01
2.292299999999999893e-01
2.298699999999999910e-01
2.305200000000000027e-01
2.311600000000000044e-01
2.318099999999999883e-01
2.324600000000000000e-01
2.331100000000000116e-01
2.337599999999999956e-01
2.344199999999999895e-01
2.350700000000000012e-01
2.357299999999999951e-01
2.363899999999999890e-01
2.370599999999999929e-01
2.377199999999999869e-01
2.383899999999999908e-01
2.390500000000000125e-01
2.397199999999999886e-01
2.404000000000000026e-01
2.410700000000000065e-01
2.417400000000000104e-01
2.424199999999999966e-01
2.431000000000000105e-01
2.437799999999999967e-01
2.444699999999999929e-01
2.451500000000000068e-01
2.458400000000000030e-01
2.465299999999999991e-01
2.472199999999999953e-01
2.479099999999999915e-01
2.485999999999999877e-01
2.492999999999999938e-01
2.500000000000000000e-01
2.505800000000000249e-01
2.511599999999999944e-01
2.517400000000000193e-01
2.523199999999999887e-01
2.529100000000000237e-01
2.534899999999999931e-01
2.540799999999999725e-01
2.546599999999999975e-01
2.552499999999999769e-01
2.558400000000000118e-01
2.564400000000000013e-01
2.570299999999999807e-01
2.576200000000000156e-01
2.582200000000000051e-01
2.588199999999999945e-01
2.594199999999999839e-01
2.600199999999999734e-01
2.606200000000000183e-01
2.612200000000000077e-01
2.618199999999999972e-01
2.624299999999999966e-01
2.630399999999999960e-01
2.636399999999999855e-01
2.642499999999999849e-01
2.648699999999999943e-01
2.654799999999999938e-01
2.660899999999999932e-01
2.667100000000000026e-01
2.673300000000000121e-01
2.679400000000000115e-01
2.685600000000000209e-01
2.691799999999999748e-01
2.698099999999999943e-01
2.704300000000000037e-01
2.710600000000000231e-01
2.716799999999999771e-01
2.723099999999999965e-01
2.729400000000000159e-01
2.735699999999999799e-01
2.742100000000000093e-01
2.748399999999999732e-01
2.754800000000000026e-01
2.761100000000000221e-01
2.767499999999999960e-01
2.773900000000000254e-01
2.780299999999999994e-01
2.786799999999999833e-01
2.793200000000000127e-01
2.799699999999999966e-01
2.806199999999999806e-01
2.812600000000000100e-01
2.819200000000000039e-01
2.825699999999999878e-01
2.832200000000000273e-01
2.838800000000000212e-01
2.845300000000000051e-01
2.851899999999999991e-01
2.858499999999999930e-01
2.865099999999999869e-01
2.871699999999999808e-01
2.878399999999999848e-01
2.884999999999999787e-01
2.891699999999999826e-01
2.898399999999999865e-01
2.905099999999999905e-01
2.911799999999999944e-01
2.918600000000000083e-01
2.925300000000000122e-01
2.932100000000000262e-01
2.938899999999999846e-01
2.945699999999999985e-01
2.952500000000000124e-01
2.959300000000000264e-01
2.966199999999999948e-01
2.973000000000000087e-01
2.979899999999999771e-01
2.986800000000000010e-01
2.993700000000000250e-01
3.000599999999999934e-01
3.007600000000000273e-01
3.014499999999999957e-01
3.021499999999999742e-01
3.028500000000000081e-01
3.035499999999999865e-01
3.042500000000000204e-01
3.049600000000000088e-01
3.056599999999999873e-01
3.063699999999999757e-01
3.070800000000000196e-01
3.077900000000000080e-01
3.084999999999999964e-01
3.092099999999999849e-01
3.099299999999999833e-01
3.106400000000000272e-01
3.113600000000000256e-01
3.120800000000000241e-01
3.128000000000000225e-01
3.135299999999999754e-01
3.142499999999999738e-01
3.149799999999999822e-01
3.157099999999999906e-01
3.164399999999999991e-01
3.171700000000000075e-01
3.179100000000000259e-01
3.186399999999999788e-01
3.193799999999999972e-01
3.201200000000000156e-01
3.208599999999999786e-01
3.215999999999999970e-01
3.223400000000000154e-01
3.230899999999999883e-01
3.238400000000000167e-01
3.245799999999999796e-01
3.253300000000000081e-01
3.260899999999999910e-01
3.268400000000000194e-01
3.276000000000000023e-01
3.283599999999999852e-01
3.291200000000000236e-01
3.298800000000000066e-01
3.306399999999999895e-01
3.314099999999999824e-01
3.321700000000000208e-01
3.329400000000000137e-01
3.337100000000000066e-01
3.344799999999999995e-01
3.352600000000000025e-01
3.360299999999999954e-01
3.368099999999999983e-01
3.375900000000000012e-01
3.383700000000000041e-01
3.391500000000000070e-01
3.399400000000000199e-01
3.407200000000000228e-01
3.415099999999999802e-01
3.422999999999999932e-01
3.430900000000000061e-01
3.438899999999999735e-01
3.446799999999999864e-01
3.454800000000000093e-01
3.462799999999999767e-01
3.470799999999999996e-01
3.478800000000000225e-01
3.486899999999999999e-01
3.494900000000000229e-01
3.503000000000000003e-01
3.511099999999999777e-01
3.519200000000000106e-01
3.527399999999999980e-01
3.535499999999999754e-01
3.543700000000000183e-01
3.551900000000000057e-01
3.560099999999999931e-01
3.568399999999999905e-01
3.576599999999999779e-01
3.584899999999999753e-01
3.593199999999999728e-01
3.601500000000000257e-01
3.609800000000000231e-01
3.618199999999999750e-01
3.626499999999999724e-01
3.634899999999999798e-01
3.643299999999999872e-01
3.651800000000000046e-01
3.660200000000000120e-01
3.668699999999999739e-01
3.677199999999999913e-01
3.685700000000000087e-01
3.694200000000000261e-01
3.702699999999999880e-01
3.711300000000000154e-01
3.719899999999999873e-01
3.728500000000000147e-01
3.737099999999999866e-01
3.745800000000000241e-01
3.754399999999999959e-01
3.763099999999999778e-01
3.771800000000000153e-01
3.780600000000000072e-01
3.789299999999999891e-01
3.798099999999999810e-01
3.806800000000000184e-01
3.815700000000000203e-01
3.824500000000000122e-01
3.833300000000000041e-01
3.842200000000000060e-01
3.851100000000000079e-01
3.860000000000000098e-01
3.868900000000000117e-01
3.877900000000000236e-01
3.886800000000000255e-01
3.895799999999999819e-01
3.904799999999999938e-01
3.913900000000000157e-01
3.922900000000000276e-01
3.931999999999999940e-01
3.941100000000000159e-01
3.950199999999999823e-01
3.959300000000000042e-01
3.968499999999999805e-01
3.977700000000000125e-01
3.986899999999999888e-01
3.996100000000000207e-01
4.005299999999999971e-01
4.014599999999999835e-01
4.023900000000000254e-01
4.033200000000000118e-01
4.042499999999999982e-01
4.051899999999999946e-01
4.061299999999999910e-01
4.070699999999999874e-01
4.080099999999999838e-01
4.089499999999999802e-01
4.098999999999999866e-01
4.108499999999999930e-01
4.117899999999999894e-01
4.127500000000000058e-01
4.137000000000000122e-01
4.146599999999999731e-01
4.156199999999999894e-01
4.165800000000000058e-01
4.175400000000000222e-01
4.185099999999999931e-01
4.194800000000000195e-01
4.204499999999999904e-01
4.214200000000000168e-01
4.223999999999999977e-01
4.233700000000000241e-01
4.243500000000000050e-01
4.253299999999999859e-01
4.263199999999999767e-01
4.273000000000000131e-01
4.282900000000000040e-01
4.292799999999999949e-01
4.302799999999999958e-01
4.312699999999999867e-01
4.322699999999999876e-01
4.332699999999999885e-01
4.342699999999999894e-01
4.352699999999999902e-01
4.362800000000000011e-01
4.372900000000000120e-01
4.383000000000000229e-01
4.393199999999999883e-01
4.403299999999999992e-01
4.413500000000000201e-01
4.423699999999999855e-01
4.434000000000000163e-01
4.444199999999999817e-01
4.454500000000000126e-01
4.464799999999999880e-01
4.475100000000000189e-01
4.485500000000000043e-01
4.495799999999999796e-01
4.506299999999999750e-01
4.516700000000000159e-01
4.527100000000000013e-01
4.537599999999999967e-01
4.548099999999999921e-01
4.558599999999999874e-01
4.569199999999999928e-01
4.579699999999999882e-01
4.590299999999999936e-01
4.600899999999999990e-01
4.611600000000000144e-01
4.622200000000000197e-01
4.632899999999999796e-01
4.643700000000000050e-01
4.654400000000000204e-01
4.665199999999999902e-01
4.676000000000000156e-01
4.686799999999999855e-01
4.697600000000000109e-01
4.708499999999999908e-01
4.719400000000000261e-01
4.730300000000000060e-01
4.741199999999999859e-01
4.752199999999999758e-01
4.763200000000000212e-01
4.774200000000000110e-01
4.785300000000000109e-01
4.796300000000000008e-01
4.807400000000000007e-01
4.818500000000000005e-01
4.829700000000000104e-01
4.840800000000000103e-01
4.852000000000000202e-01
4.863299999999999845e-01
4.874499999999999944e-01
4.885800000000000143e-01
4.897099999999999786e-01
4.908399999999999985e-01
4.919799999999999729e-01
4.931200000000000028e-01
4.942599999999999771e-01
4.954000000000000070e-01
4.965499999999999914e-01
4.976900000000000213e-01
4.988500000000000156e-01
5.000000000000000000e-01
5.011600000000000499e-01
5.023199999999999887e-01
5.034800000000000386e-01
5.046399999999999775e-01
5.058099999999999818e-01
5.069799999999999862e-01
5.081499999999999906e-01
5.093299999999999494e-01
5.105100000000000193e-01
5.116899999999999782e-01
5.128700000000000481e-01
5.140599999999999614e-01
5.152499999999999858e-01
5.164400000000000102e-01
5.176300000000000345e-01
5.188300000000000134e-01
5.200299999999999923e-01
5.212299999999999711e-01
5.224400000000000155e-01
5.236499999999999488e-01
5.248599999999999932e-01
5.260700000000000376e-01
5.272900000000000365e-01
5.285100000000000353e-01
5.297300000000000342e-01
5.309599999999999875e-01
5.321900000000000519e-01
5.334200000000000053e-01
5.346499999999999586e-01
5.358899999999999775e-01
5.371299999999999963e-01
5.383700000000000152e-01
5.396100000000000341e-01
5.408600000000000074e-01
5.421099999999999808e-01
5.433700000000000196e-01
5.446199999999999930e-01
5.458800000000000319e-01
5.471500000000000252e-01
5.484099999999999531e-01
5.496799999999999464e-01
5.509500000000000508e-01
5.522299999999999986e-01
5.534999999999999920e-01
5.547900000000000054e-01
5.560699999999999532e-01
5.573500000000000121e-01
5.586400000000000254e-01
5.599399999999999933e-01
5.612300000000000066e-01
5.625299999999999745e-01
5.638300000000000534e-01
5.651399999999999757e-01
5.664400000000000546e-01
5.677499999999999769e-01
5.690699999999999648e-01
5.703799999999999981e-01
5.716999999999999860e-01
5.730199999999999738e-01
5.743500000000000272e-01
5.756799999999999695e-01
5.770100000000000229e-01
5.783399999999999652e-01
5.796799999999999731e-01
5.810199999999999809e-01
5.823700000000000543e-01
5.837099999999999511e-01
5.850600000000000245e-01
5.864200000000000523e-01
5.877700000000000147e-01
5.891300000000000425e-01
5.905000000000000249e-01
5.918600000000000527e-01
5.932300000000000351e-01
5.946000000000000174e-01
5.959799999999999542e-01
5.973600000000000021e-01
5.987400000000000500e-01
6.001199999999999868e-01
6.015099999999999891e-01
6.028999999999999915e-01
6.042999999999999483e-01
6.057000000000000162e-01
6.070999999999999730e-01
6.085000000000000409e-01
6.099099999999999522e-01
6.113199999999999745e-01
6.127299999999999969e-01
6.141499999999999737e-01
6.155699999999999505e-01
6.169999999999999929e-01
6.184199999999999697e-01
6.198500000000000121e-01
6.212900000000000089e-01
6.227300000000000058e-01
6.241600000000000481e-01
6.256099999999999994e-01
6.270599999999999508e-01
6.285100000000000131e-01
6.299599999999999644e-01
6.314199999999999813e-01
6.328799999999999981e-01
6.343400000000000150e-01
6.358099999999999863e-01
6.372799999999999576e-01
6.387500000000000400e-01
6.402299999999999658e-01
6.417100000000000026e-01
6.431999999999999940e-01
6.446800000000000308e-01
6.461799999999999766e-01
6.476699999999999680e-01
6.491700000000000248e-01
6.506699999999999706e-01
6.521799999999999820e-01
6.536800000000000388e-01
6.552000000000000046e-01
6.567100000000000160e-01
6.582299999999999818e-01
6.597499999999999476e-01
6.612799999999999789e-01
6.628100000000000103e-01
6.643400000000000416e-01
6.658800000000000274e-01
6.674200000000000133e-01
6.689599999999999991e-01
6.705100000000000504e-01
6.720599999999999907e-01
6.736199999999999966e-01
6.751800000000000024e-01
6.767400000000000082e-01
6.783000000000000140e-01
6.798699999999999743e-01
6.814400000000000457e-01
6.830199999999999605e-01
6.845999999999999863e-01
6.861800000000000122e-01
6.877699999999999925e-01
6.893599999999999728e-01
6.909600000000000186e-01
6.925599999999999534e-01
6.941599999999999993e-01
6.957600000000000451e-01
6.973700000000000454e-01
6.989800000000000457e-01
7.006000000000000005e-01
7.022199999999999553e-01
7.038499999999999757e-01
7.054700000000000415e-01
7.071100000000000163e-01
7.087400000000000366e-01
7.103800000000000114e-01
7.120199999999999863e-01
7.136700000000000266e-01
7.153199999999999559e-01
7.169799999999999507e-01
7.186399999999999455e-01
7.203000000000000513e-01
7.219700000000000006e-01
7.236399999999999499e-01
7.253100000000000103e-01
7.269900000000000251e-01
7.286700000000000399e-01
7.303500000000000547e-01
7.320400000000000240e-01
7.337399999999999478e-01
7.354300000000000281e-01
7.371299999999999519e-01
7.388400000000000523e-01
7.405500000000000416e-01
7.422600000000000309e-01
7.439799999999999747e-01
7.457000000000000295e-01
7.474300000000000388e-01
7.491499999999999826e-01
7.508899999999999464e-01
7.526199999999999557e-01
7.543600000000000305e-01
7.561099999999999488e-01
7.578599999999999781e-01
7.596100000000000074e-01
7.613699999999999912e-01
7.631299999999999750e-01
7.649000000000000243e-01
7.666600000000000081e-01
7.684400000000000119e-01
7.702099999999999502e-01
7.720000000000000195e-01
7.737800000000000233e-01
7.755699999999999816e-01
7.773700000000000054e-01
7.791700000000000292e-01
7.809700000000000530e-01
7.827699999999999658e-01
7.845800000000000551e-01
7.863999999999999879e-01
7.882200000000000317e-01
7.900399999999999645e-01
7.918699999999999628e-01
7.936999999999999611e-01
7.955400000000000249e-01
7.973799999999999777e-01
7.992200000000000415e-01
8.010699999999999488e-01
8.029199999999999671e-01
8.047800000000000509e-01
8.066400000000000237e-01
8.085099999999999509e-01
8.103799999999999892e-01
8.122500000000000275e-01
8.141300000000000203e-01
8.160100000000000131e-01
8.178999999999999604e-01
8.197900000000000187e-01
8.216900000000000315e-01
8.235900000000000443e-01
8.255000000000000115e-01
8.274099999999999788e-01
8.293199999999999461e-01
8.312399999999999789e-01
8.331600000000000117e-01
8.350899999999999990e-01
8.370199999999999863e-01
8.389600000000000390e-01
8.408999999999999808e-01
8.428400000000000336e-01
8.447900000000000409e-01
8.467500000000000027e-01
8.487000000000000099e-01
8.506700000000000372e-01
8.526399999999999535e-01
8.546099999999999808e-01
8.565800000000000081e-01
8.585599999999999898e-01
8.605500000000000371e-01
8.625399999999999734e-01
8.645399999999999752e-01
8.665399999999999769e-01
8.685399999999999787e-01
8.705500000000000460e-01
8.725600000000000023e-01
8.745800000000000241e-01
8.766100000000000003e-01
8.786300000000000221e-01
8.806699999999999529e-01
8.827000000000000401e-01
8.847500000000000364e-01
8.867899999999999672e-01
8.888399999999999634e-01
8.909000000000000252e-01
8.929599999999999760e-01
8.950299999999999923e-01
8.971000000000000085e-01
8.991700000000000248e-01
9.012499999999999956e-01
9.033299999999999663e-01
9.054299999999999571e-01
9.075199999999999934e-01
9.096199999999999841e-01
9.117199999999999749e-01
9.138300000000000312e-01
9.159399999999999764e-01
9.180599999999999872e-01
9.201899999999999524e-01
9.223200000000000287e-01
9.244499999999999940e-01
9.265900000000000247e-01
9.287300000000000555e-01
9.308800000000000407e-01
9.330300000000000260e-01
9.351899999999999658e-01
9.373500000000000165e-01
9.395200000000000218e-01
9.416999999999999815e-01
9.438699999999999868e-01
9.460600000000000120e-01
9.482500000000000373e-01
9.504399999999999515e-01
9.526400000000000423e-01
9.548400000000000221e-01
9.570499999999999563e-01
9.592600000000000016e-01
9.614800000000000013e-01
9.637099999999999556e-01
9.659400000000000208e-01
9.681699999999999751e-01
9.704099999999999948e-01
9.726500000000000146e-01
9.749100000000000543e-01
9.771600000000000286e-01
9.794199999999999573e-01
9.816899999999999515e-01
9.839599999999999458e-01
9.862300000000000511e-01
9.885099999999999998e-01
9.908000000000000140e-01
9.930900000000000283e-01
9.953899999999999970e-01
9.976899999999999658e-01
1.000000000000000000e+00
